0 0.0 436.622336 156.444672 533.332992
0 17.066496 588.8 409.599744 740.977664
0 21.333503999999998 241.77766400000002 251.733504 342.75532799999996
0 186.311424 435.2 399.64416 530.4893440000001
0 271.644672 227.55532799999997 543.288576 362.667008
0 433.77792 652.8 583.110912 735.289344
0 462.22233600000004 435.2 621.5109120000001 539.022336
0 560.35584 654.222336 704.000256 748.0893440000001
0 632.888832 234.667008 766.5776639999999 349.867008
0 672.711168 423.822336 766.5776639999999 486.4
0 696.888576 678.4 766.5776639999999 716.8
