0 504.96 380.740822 815.36 433.30051599999996
0 506.24 239.72572799999998 831.36 279.465868
0 507.52 328.180446 769.92 382.02230000000003
0 508.8 182.037394 835.2 232.03413200000003
0 510.72 409.584648 752.0 484.578732
0 520.32 280.74802800000003 796.16 337.154202
0 583.68 523.678474 802.56 555.08662
0 846.08 246.135164 888.96 555.08662
0 861.44 230.751972 881.28 557.650258
0 871.04 214.7277 910.08 546.1128640000001
0 871.04 214.7277 922.24 547.395024
0 885.12 193.57547 887.68 546.1128640000001
0 885.12 235.87993000000003 899.84 538.421268
