0 0.0 263.701563 77.44 288.663546
0 48.64 170.893764 83.84 233.619261
0 90.24 74.885949 172.8 257.30104199999994
0 120.32 96.007815 135.04 138.891159
0 152.32 101.12813399999999 236.16 233.619261
0 179.84 69.76563 215.04 136.331244
0 261.12 53.764572 283.52 204.81667199999998
0 282.24 90.247395 325.12 179.854689
0 282.24 168.97395 326.4 264.98176500000005
0 288.64 81.28647 325.12 112.648974
0 325.12 99.847932 394.88 328.346874
0 356.48 71.045832 376.32 118.409883
0 362.24 64.00521 373.76 118.409883
0 371.2 127.37031900000001 477.44 170.893764
0 408.96 90.247395 423.68 163.853631
0 476.16 153.612504 515.2 216.33751199999998
0 477.44 65.92551300000001 512.64 188.815614
0 520.96 148.492185 538.88 242.57969699999995
0 576.0 88.967193 664.96 375.070824
0 583.68 131.210925 603.52 236.179176
0 691.2 106.248453 734.72 223.37813400000002
0 733.44 237.45937800000002 776.32 343.70832
0 744.96 170.893764 760.96 257.30104199999994
0 751.36 90.247395 762.24 133.77084
0 772.48 104.96874 777.6 154.892706
0 817.28 133.77084 851.2 221.45832000000001
0 892.16 200.336454 952.96 280.982823
0 893.44 157.45311 939.52 215.057799
